0  [1, 3, 5],
1  [0, 2, 5, 6],
2  [1, 3, 6, 7],
3  [2, 7, 8],
4  [0, 5, 9, 10],
5  [0, 1, 4, 6, 10, 11],
6  [1, 2, 5, 7, 11, 12],
7  [2, 3, 6, 8, 12, 13],
8  [3, 7, 13, 14],
9  [4, 10, 15],
10 [4, 5, 9, 11, 15, 16],
11 [5, 6, 10, 12, 16, 17],
12 [6, 7, 11, 13, 17, 18],
13 [7, 8, 12, 14, 18, 19],
14 [8, 13, 19, 20],
15 [9, 10, 16, 21],
16 [10, 11, 15, 17, 21, 22],
17 [11, 12, 16, 18, 22, 23],
18 [12, 13, 17, 19, 23, 24],
19 [13, 14, 18, 20, 24, 25],
20 [14, 19, 25],
21 [15, 16, 22, 26],
22 [16, 17, 21, 23, 26, 27],
23 [17, 18, 22, 24, 27, 28],
24 [18, 19, 23, 25, 28, 29],
25 [29, 20, 24, 29],
26 [21, 22, 27],
27 [22, 23, 26, 28],
28 [23, 24, 27, 29],
29 [24, 25, 28]